const csvdata = require('csvdata');


csvdata.load('ProbarCosasJSpablo/data_p.csv').then((datos) => {
    console.log(datos);
}).catch((error) => {
    console.log("error");
});

// var data_array = [2012,Almería,Hombres,14.78,22.4,36.91,25.9
// ,2012,Almería,Mujeres,14.76,22.23,34.49,28.52
// ,2012,Cádiz,Hombres,2.12,13.69,74.66,9.53
// ,2012,Cádiz,Mujeres,2,13.21,74.42,10.37
// ,2012,Córdoba,Hombres,13.81,23.14,23.06,40
// ,2012,Córdoba,Mujeres,13.28,22.5,22.5,41.72
// ,2012,Granada,Hombres,21.15,35.33,19.15,24.36
// ,2012,Granada,Mujeres,19.6,34.06,18.95,27.4
// ,2012,Huelva,Hombres,20.02,30.33,22.03,27.63
// ,2012,Huelva,Mujeres,19.55,29.79,21.47,29.19
// ,2012,Jaén,Hombres,23.68,32.4,27.03,16.89
// ,2012,Jaén,Mujeres,22.62,31.82,27.62,17.94
// ,2012,Málaga,Hombres,8.7,6.72,50.82,33.76
// ,2012,Málaga,Mujeres,8.13,6.35,50.14,35.37
// ,2012,Sevilla,Hombres,5.39,25.93,33.54,35.14
// ,2012,Sevilla,Mujeres,5.11,24.94,32.69,37.26
// ,2012,Andalucía,Hombres,11.24,21.66,39.44,27.66
// ,2012,Andalucía,Mujeres,10.66,20.97,38.81,29.56
// ,2013,Almería,Hombres,13.81,23.34,36.49,26.35
// ,2013,Almería,Mujeres,13.69,23.08,34.43,28.8
// ,2013,Cádiz,Hombres,2.11,13.73,74.66,9.5
// ,2013,Cádiz,Mujeres,2,13.22,74.44,10.35
// ,2013,Córdoba,Hombres,13.74,23.13,23.06,40.07
// ,2013,Córdoba,Mujeres,13.23,22.46,22.49,41.82
// ,2013,Granada,Hombres,19.8,36.81,19,24.39
// ,2013,Granada,Mujeres,18.44,35.46,18.79,27.31
// ,2013,Huelva,Hombres,19.67,30.62,22.08,27.64
// ,2013,Huelva,Mujeres,19.15,30.11,21.5,29.24
// ,2013,Jaén,Hombres,23.44,32.39,27.2,16.98
// ,2013,Jaén,Mujeres,22.5,31.87,27.67,17.96
// ,2013,Málaga,Hombres,8.52,6.72,51.16,33.6
// ,2013,Málaga,Mujeres,7.96,6.35,50.53,35.16
// ,2013,Sevilla,Hombres,5.37,25.99,33.67,34.97
// ,2013,Sevilla,Mujeres,5.09,24.97,32.85,37.09
// ,2013,Andalucía,Hombres,10.9,21.9,39.52,27.68
// ,2013,Andalucía,Mujeres,10.35,21.2,38.92,29.53
// ,2014,Almería,Hombres,14.08,22.39,37.17,26.36
// ,2014,Almería,Mujeres,13.99,22.13,35.09,28.79
// ,2014,Cádiz,Hombres,2.1,13.62,74.9,9.39
// ,2014,Cádiz,Mujeres,1.98,13.13,74.66,10.23
// ,2014,Córdoba,Hombres,14.31,22.43,23.09,40.16
// ,2014,Córdoba,Mujeres,13.75,21.81,22.57,41.88
// ,2014,Granada,Hombres,20.2,36.34,19.09,24.37
// ,2014,Granada,Mujeres,18.78,35.06,18.9,27.26
// ,2014,Huelva,Hombres,18.79,35.61,18.13,27.47
// ,2014,Huelva,Mujeres,18.23,34.95,17.6,29.22
// ,2014,Jaén,Hombres,24.09,31.56,27.26,17.1
// ,2014,Jaén,Mujeres,23.17,31.15,27.64,18.05
// ,2014,Málaga,Hombres,8.71,6.25,50.86,34.19
// ,2014,Málaga,Mujeres,8.12,5.91,50.27,35.69
// ,2014,Sevilla,Hombres,5.61,25.76,33.81,34.82
// ,2014,Sevilla,Mujeres,5.32,24.77,33,36.91
// ,2014,Andalucía,Hombres,11.1,21.83,39.34,27.72
// ,2014,Andalucía,Mujeres,10.55,21.15,38.75,29.55
// ,2015,Almería,Hombres,13.91,22.33,37.23,26.53
// ,2015,Almería,Mujeres,13.87,22.08,35.15,28.89
// ,2015,Cádiz,Hombres,2.09,13.6,75.02,9.3
// ,2015,Cádiz,Mujeres,1.96,13.1,74.81,10.12
// ,2015,Córdoba,Hombres,14.25,24.96,20.51,40.28
// ,2015,Córdoba,Mujeres,13.71,24.17,20.14,41.98
// ,2015,Granada,Hombres,20.36,36.23,19.21,24.2
// ,2015,Granada,Mujeres,18.93,34.91,18.99,27.17
// ,2015,Huelva,Hombres,19.75,26.91,26.07,27.27
// ,2015,Huelva,Mujeres,19.06,26.4,25.56,28.99
// ,2015,Jaén,Hombres,24.04,31.57,27.23,17.15
// ,2015,Jaén,Mujeres,23.1,31.19,27.6,18.12
// ,2015,Málaga,Hombres,8.61,6.23,50.96,34.19
// ,2015,Málaga,Mujeres,8,5.88,50.46,35.66
// ,2015,Sevilla,Hombres,6.11,25.25,33.97,34.67
// ,2015,Sevilla,Mujeres,5.8,24.27,33.16,36.76
// ,2015,Andalucía,Hombres,11.24,21.37,39.71,27.68
// ,2015,Andalucía,Mujeres,10.67,20.69,39.14,29.5
// ,2016,Almería,Hombres,13.96,21.75,37.9,26.39
// ,2016,Almería,Mujeres,13.94,21.57,35.6,28.89
// ,2016,Cádiz,Hombres,2.08,13.59,75.14,9.2
// ,2016,Cádiz,Mujeres,1.97,13.08,74.98,9.98
// ,2016,Córdoba,Hombres,14.16,24.95,20.5,40.39
// ,2016,Córdoba,Mujeres,13.59,24.17,20.15,42.09
// ,2016,Granada,Hombres,19.76,34.61,21.5,24.14
// ,2016,Granada,Mujeres,18.28,33.5,21.12,27.11
// ,2016,Huelva,Hombres,19.7,26.98,26.19,27.13
// ,2016,Huelva,Mujeres,19.07,26.47,25.61,28.85
// ,2016,Jaén,Hombres,23.9,31.7,27.22,17.19
// ,2016,Jaén,Mujeres,22.97,31.27,27.59,18.17
// ,2016,Málaga,Hombres,8.58,6.27,50.97,34.19
// ,2016,Málaga,Mujeres,7.97,5.89,50.51,35.63
// ,2016,Sevilla,Hombres,6.32,25,34.14,34.53
// ,2016,Sevilla,Mujeres,6.02,24.05,33.31,36.62
// ,2016,Andalucía,Hombres,11.19,21.09,40.1,27.62
// ,2016,Andalucía,Mujeres,10.61,20.43,39.5,29.45
// ,2017,Almería,Hombres,13.79,21.81,37.97,26.42
// ,2017,Almería,Mujeres,13.76,21.67,35.65,28.92
// ,2017,Cádiz,Hombres,2.07,13.55,75.25,9.14
// ,2017,Cádiz,Mujeres,1.95,13.03,75.11,9.9
// ,2017,Córdoba,Hombres,14.08,24.93,20.52,40.47
// ,2017,Córdoba,Mujeres,13.5,24.14,20.17,42.19
// ,2017,Granada,Hombres,19.03,35.44,21.56,23.97
// ,2017,Granada,Mujeres,17.58,34.26,21.18,26.98
// ,2017,Huelva,Hombres,19.55,27.09,26.26,27.09
// ,2017,Huelva,Mujeres,19,26.62,25.56,28.82
// ,2017,Jaén,Hombres,23.79,31.69,27.27,17.26
// ,2017,Jaén,Mujeres,22.82,31.28,27.67,18.24
// ,2017,Málaga,Hombres,8.53,6.27,51.02,34.18
// ,2017,Málaga,Mujeres,7.89,5.88,50.65,35.58
// ,2017,Sevilla,Hombres,6.29,25.01,34.22,34.48
// ,2017,Sevilla,Mujeres,5.98,24.05,33.4,36.57
// ,2017,Andalucía,Hombres,11.04,21.18,40.18,27.6
// ,2017,Andalucía,Mujeres,10.46,20.51,39.61,29.42
// ,2018,Almería,Hombres,13.7,22.02,37.72,26.56
// ,2018,Almería,Mujeres,13.64,21.82,35.55,28.99
// ,2018,Cádiz,Hombres,2.06,13.51,75.38,9.06
// ,2018,Cádiz,Mujeres,1.94,13,75.24,9.82
// ,2018,Córdoba,Hombres,14.62,24.2,20.57,40.62
// ,2018,Córdoba,Mujeres,14.03,23.48,20.18,42.31
// ,2018,Granada,Hombres,18.91,35.7,21.49,23.91
// ,2018,Granada,Mujeres,17.45,34.4,21.18,26.97
// ,2018,Huelva,Hombres,19.5,27.23,26.36,26.9
// ,2018,Huelva,Mujeres,18.93,26.63,25.87,28.57
// ,2018,Jaén,Hombres,23.73,31.7,27.29,17.28
// ,2018,Jaén,Mujeres,22.73,31.31,27.7,18.27
// ,2018,Málaga,Hombres,8.16,6.71,51.05,34.09
// ,2018,Málaga,Mujeres,7.52,6.28,50.73,35.47
// ,2018,Sevilla,Hombres,6.27,25,34.27,34.46
// ,2018,Sevilla,Mujeres,5.94,24.05,33.52,36.5
// ,2018,Andalucía,Hombres,10.97,21.22,40.23,27.58
// ,2018,Andalucía,Mujeres,10.38,20.52,39.72,29.38
// ,2019,Almería,Hombres,13.66,22.18,37.63,26.52
// ,2019,Almería,Mujeres,13.59,22,35.49,28.92
// ,2019,Cádiz,Hombres,2.29,13.22,75.52,8.98
// ,2019,Cádiz,Mujeres,2.15,12.74,75.39,9.73
// ,2019,Córdoba,Hombres,15.5,23.22,20.54,40.74
// ,2019,Córdoba,Mujeres,14.84,22.57,20.16,42.42
// ,2019,Granada,Hombres,19.17,35.78,21.18,23.87
// ,2019,Granada,Mujeres,17.64,34.49,20.95,26.91
// ,2019,Huelva,Hombres,19.43,27.38,26.49,26.7
// ,2019,Huelva,Mujeres,18.82,26.75,26.08,28.34
// ,2019,Jaén,Hombres,22.83,32.52,27.28,17.37
// ,2019,Jaén,Mujeres,21.84,32.1,27.76,18.29
// ,2019,Málaga,Hombres,8.06,6.74,51.31,33.89
// ,2019,Málaga,Mujeres,7.43,6.33,51,35.24
// ,2019,Sevilla,Hombres,6.37,25.01,34.21,34.41
// ,2019,Sevilla,Mujeres,6.02,24.06,33.47,36.44
// ,2019,Andalucía,Hombres,11.04,21.15,40.28,27.53
// ,2019,Andalucía,Mujeres,10.42,20.47,39.8,29.31
// ,2020,Almería,Hombres,13.64,22.28,37.56,26.52
// ,2020,Almería,Mujeres,13.5,22.13,35.53,28.84
// ,2020,Cádiz,Hombres,2.28,13.14,75.68,8.9
// ,2020,Cádiz,Mujeres,2.14,12.7,75.5,9.65
// ,2020,Córdoba,Hombres,15.43,23.15,20.54,40.88
// ,2020,Córdoba,Mujeres,14.74,22.55,20.18,42.53
// ,2020,Granada,Hombres,19.05,35.98,21.14,23.82
// ,2020,Granada,Mujeres,17.5,34.58,20.95,26.97
// ,2020,Huelva,Hombres,19.32,23.55,30.53,26.61
// ,2020,Huelva,Mujeres,18.71,23.18,29.87,28.25
// ,2020,Jaén,Hombres,23.58,31.69,27.37,17.37
// ,2020,Jaén,Mujeres,22.52,31.28,27.85,18.34
// ,2020,Málaga,Hombres,7.98,6.76,51.61,33.65
// ,2020,Málaga,Mujeres,7.35,6.38,51.32,34.94
// ,2020,Sevilla,Hombres,6.34,24.95,34.28,34.43
// ,2020,Sevilla,Mujeres,5.99,24.04,33.54,36.43
// ,2020,Andalucía,Hombres,11.03,20.82,40.66,27.49
// ,2020,Andalucía,Mujeres,10.4,20.17,40.17,29.26
// ,2021,Almería,Hombres,13.78,22.48,37.44,26.3
// ,2021,Almería,Mujeres,13.58,22.29,35.52,28.61
// ,2021,Cádiz,Hombres,2.28,13.16,75.77,8.79
// ,2021,Cádiz,Mujeres,2.15,12.71,75.6,9.53
// ,2021,Córdoba,Hombres,15.54,23.25,20.58,40.64
// ,2021,Córdoba,Mujeres,14.83,22.68,20.24,42.25
// ,2021,Granada,Hombres,19.1,36.18,21.14,23.58
// ,2021,Granada,Mujeres,17.56,34.78,20.97,26.68
// ,2021,Huelva,Hombres,19.33,23.61,30.81,26.25
// ,2021,Huelva,Mujeres,18.74,23.27,30.04,27.95
// ,2021,Jaén,Hombres,22.78,32.58,27.3,17.34
// ,2021,Jaén,Mujeres,21.71,32.13,27.81,18.35
// ,2021,Málaga,Hombres,7.99,6.86,51.74,33.4
// ,2021,Málaga,Mujeres,7.38,6.47,51.47,34.67
// ,2021,Sevilla,Hombres,6.13,25.32,34.45,34.1
// ,2021,Sevilla,Mujeres,5.79,24.37,33.73,36.11
// ,2021,Andalucía,Hombres,10.95,21.03,40.77,27.26
// ,2021,Andalucía,Mujeres,10.31,20.36,40.31,29.02
// ,2022,Almería,Hombres,13.66,19.8,40.87,25.66
// ,2022,Almería,Mujeres,13.46,19.53,38.81,28.2
// ,2022,Cádiz,Hombres,2.67,12.75,75.89,8.69
// ,2022,Cádiz,Mujeres,2.54,12.32,75.71,9.44
// ,2022,Córdoba,Hombres,15.53,23.32,20.61,40.54
// ,2022,Córdoba,Mujeres,14.82,22.75,20.28,42.15
// ,2022,Granada,Hombres,19.12,36.34,21.31,23.23
// ,2022,Granada,Mujeres,17.53,35,21.15,26.33
// ,2022,Huelva,Hombres,19.21,23.65,31.19,25.95
// ,2022,Huelva,Mujeres,18.63,23.3,30.38,27.69
// ,2022,Jaén,Hombres,22.71,32.62,27.28,17.39
// ,2022,Jaén,Mujeres,21.65,32.17,27.77,18.4
// ,2022,Málaga,Hombres,7.94,6.93,52.04,33.09
// ,2022,Málaga,Mujeres,7.35,6.56,51.77,34.32
// ,2022,Sevilla,Hombres,6.13,25.32,34.57,33.98
// ,2022,Sevilla,Mujeres,5.79,24.38,33.85,35.98
// ,2022,Andalucía,Hombres,10.97,20.74,41.26,27.04
// ,2022,Andalucía,Mujeres,10.33,20.08,40.77,28.82]  